%% Solo
%This file contains all the notes of the Comfortably numb
% light solo (first solo) given by guitar tabs of tabpro in a matrix form

solo = [3,1,14;...
    1/2,1,14;...
    1/2,1,15;...
    1/2,1,14;...
    1/2,2,15;...
    1/2,2,17;...
    1/2,2,15;...
    1/2,2,15;...
    1/2,2,14;...
    1/2,2,14;...
    1/2,3,14;...
    1,4,14;...
    1/4,4,12;...
    2,4,12;...
    1/2,1,14;...
    1/2,1,15;...
    1/2,1,14;...
    1/2,2,15;...
    2,2,17;...
    1/2,2,15;...
    1,2,14;...
    1/2,3,14;...
    1/2,4,14;...
    1/2,4,12;...
    1/2,4,11;...
    1/2,4,9;...
    1/2,4,7;...
    2,3,12;...
    1/2,3,11;...
    1/2,4,14;...
    1/2,4,12;...
    1/4,3,11;...
    1/2,3,9;...
    1/4,3,9;...
    1/2,3,7;...
    1/4,3,9;...
    1/4,3,7;...
    1/2,4,9;...
    1/2,3,7;...
    1/2,4,9;...
    1/2,4,11;...
    3,4,12;...
    1/2,1,15;...
    1/2,1,14;...
    1/2,1,12;...
    1/2,2,15;...
    1/2,2,12;...
    1/2,3,12;...
    1,4,12;...
    1/4,4,10;...
    1/2,4,9;...
    1/4,4,10;...
    1/4,4,9;...
    1,4,7]

% play = zeros(length(solo),1);
 play = zeros(54,3);


% for n=1:54
%     play(n,1) = playguitarn(solo(n,1),solo(n,2),solo(n,3));
%     
% end
